"","L","as.numeric(AIC_a)","as.numeric(BIC_a)","as.numeric(alphaneg_dualalpha)","as.numeric(alphapos_dualalpha)","as.numeric(beta_dualalpha)"
"1",1.1,605.414880223724,640.861411897616,0.0594276173188803,0.051868505225045,4.92186213312948
"2",1.2,867.609974966144,902.621082483028,0.0167167516389175,0.0456830675321736,3.45888809000264
"3",2.3,861.96592269658,897.412454370472,0.028032990948197,0.0213428777923463,3.72330077188682
"4",2.4,1037.4984565528,1072.95098522869,0.0523947273502325,0.0153920306406985,2.77420746846321
"5",6.3,715.044641096924,750.497169772815,0.0535982556463646,0.0289116404461001,4.52379353114539
"6",6.4,609.860139861717,645.324644589489,1.01035919276747,1.06635870402952,3.30403989414346
"7",8.2,1048.74200452729,1084.20052421716,0.0781943731191104,0.0292163824040737,2.88616631436872
"8",8.3,664.113867393475,699.560399067368,0.0610411362041307,0.0282640820002272,4.60588995445361
"9",11.1,785.950620410345,821.403149086237,0.0775629934107321,0.0321912285290512,3.96923326531945
"10",11.3,1033.00373483344,1068.4801917564,0.0585714513413252,0.0185029483731941,3.74363009712678
"11",12.2,768.100206341259,803.570690142769,0.072645303482741,0.0350393516131971,4.2994086329077
"12",12.4,964.177670285446,999.630198961338,0.0659162179011094,0.028951454755942,3.47809757032015
"13",13.1,767.648945042102,803.095476715995,0.856574445265598,0.8578384695086,2.78449366578488
"14",13.2,1034.96704562663,1070.43752942814,0.0343339892785117,0.013665142241095,3.56874545563598
"15",14.3,553.732315257098,589.18484393299,0.035630201676747,0.0400115873459627,4.87296708463154
"16",18.3,821.561586577984,857.014115253876,0.0237402194112592,0.0225835934066591,3.56543775307599
"17",18.4,1027.07913451443,1062.5376542043,0.327646467343027,0.138866962619525,2.45929672364259
"18",19.1,679.909529265625,715.368048955494,0.0291512003780504,0.0305154576786936,5.19780120901514
"19",19.3,843.254035562199,878.736459666157,0.0195468281418571,0.0212237696946475,3.97705379843779
"20",22.1,952.393010709893,987.839542383786,0.150380618584098,0.078262408400694,3.43656993272932
"21",22.3,771.956299149418,807.408827825309,0.0317235882004336,0.0279238565624491,3.65899489110364
