"","L","as.numeric(AIC_a)","as.numeric(BIC_a)","as.numeric(alphaneg_dualalpha)","as.numeric(alphapos_dualalpha)","as.numeric(beta_dualalpha)"
"1",3.1,948.309681645933,982.766965460684,0.0204043996940621,0.0255874096453313,2.37944563247431
"2",4.2,635.804096090234,671.256624766125,0.0616491256285714,0.0355041179387625,4.83501595658887
"3",5.1,765.214822782798,800.667351458689,0.0224869773415606,0.0446577750095479,4.16600931128932
"4",5.2,872.366483703897,907.764822347606,0.0370599735428019,0.0209726341977878,3.45945523680057
"5",7.1,770.773112628453,806.225641304345,0.0150342909986054,0.0279210819721906,4.88378386641892
"6",9.1,728.284255553997,763.742775243866,0.0516851803130323,0.0251495958527738,4.00171715978477
"7",9.2,1065.57631895059,1101.04082367836,0.0528934597111942,0.0238697512709919,2.8598868509764
"8",10.3,761.799992744347,797.270476545857,0.182388112266887,0.0449632625762682,5.15944694403579
"9",10.4,821.558953334482,857.029437135992,0.0262338514504373,0.0171647739032985,3.70734234358027
"10",14.4,835.007349023111,870.471853750883,0.0653657717435034,0.0315964098317512,3.76254764924906
"11",15.1,908.932705399889,944.391225089758,0.246917803948204,0.070811193143066,3.52822655078539
"12",15.4,623.199241843465,658.657761533333,0.0368493514508144,0.0346442022321639,4.78301628655075
"13",16.2,822.314507655302,857.58446646505,0.0540306186575729,0.0355381022074354,4.24960700113297
"14",16.3,863.888409555809,899.340938231701,0.117999549872142,0.0393900014603072,3.8355811089204
"15",17.1,918.490244277587,953.948763967456,0.0746426036404734,0.0302626511786467,3.60855802081443
"16",17.2,832.949915913235,868.408435603104,0.164211579255842,0.0469809206602168,4.34813937828451
"17",20.4,750.382897565225,785.829429239118,0.0663686341157956,0.0234055968766872,4.49290695905464
"18",21.2,791.758331715596,827.216851405465,0.0216952667998662,0.035028174782594,3.9866567927163
"19",21.4,516.074125654335,551.520657328228,0.0292486670996456,0.132180295361059,5.71692175665679
