"","L","as.numeric(AIC_d)","as.numeric(alphaneg_dual)","as.numeric(BIC_d)","as.numeric(alphapos_dual)","as.numeric(delta_dual)","as.numeric(beta_dual)"
"1",3.1,888.022490554396,0.0140467925208671,933.965535640731,0.0239561739046716,0.657670494953517,2.40832947890086
"2",4.2,606.05766261286,0.0660174013809126,653.327700847382,0.0278114190766303,0.717962036440093,4.39323465575673
"3",5.1,633.925730405888,0.0175357468895612,681.19576864041,0.0442929163104856,1.23930555128305,3.43222363594784
"4",5.2,680.912275887624,0.0347484030957012,728.110060745903,0.0151827080562358,1.31884059438899,3.04519280774196
"5",7.1,453.515871205493,0.0153065444448901,500.785909440015,0.0266599583341456,2.01847386678893,3.02868967666136
"6",9.1,602.049222819637,0.0557022684924585,649.327249072796,0.0175552387966187,1.24187683154577,3.44059904921871
"7",9.2,724.308126839264,0.0538720201188745,771.594133142959,0.021639250374762,1.62633646780982,1.92107828917228
"8",10.3,646.164873200293,0.215847411735218,693.458851602307,0.0375355998769123,1.16732523239408,4.2314671364746
"9",10.4,646.025946156391,0.0232134471073396,693.319924558404,0.0128279533079565,1.3264878237665,3.11722008923885
"10",14.4,648.358860019394,0.0715034892215386,695.644866323089,0.0207705730000355,1.37792065796752,3.31649782634314
"11",15.1,553.165588497066,0.280709437280595,600.443614750225,0.0615117461629538,1.91026817323234,2.36951174760263
"12",15.4,381.775248097488,0.0347495472208142,429.053274350646,0.0179098164895821,2.03688989261764,3.57856305132925
"13",16.2,711.335789253865,0.0575927135143199,758.362401000195,0.0344345668545091,1.07384540796118,3.01390632686156
"14",16.3,747.197042562429,0.129049309418993,794.46708079695,0.0294279792273074,1.04726136228058,3.37668240812445
"15",17.1,642.815506178696,0.0814881308631076,690.093532431855,0.0222240115942331,1.58260252875411,3.01613654393021
"16",17.2,615.995137437063,0.19052306504477,663.273163690222,0.0237897542093206,1.46561762939947,5.04601129651501
"17",20.4,652.431344341555,0.0676609523070703,699.693386573412,0.0146297040126619,1.06723293209528,3.9633578196415
"18",21.2,750.793501565993,0.019616766461472,798.071527819152,0.0335699279120703,0.74028402119916,3.28994393742357
"19",21.4,485.435353076505,0.0278854651358448,532.697395308363,0.133137153121415,0.891737649255052,4.52325345602808
