"","L","as.numeric(AIC_p)","as.numeric(alpha_pers)","as.numeric(BIC_p)","as.numeric(beta_pers)","as.numeric(delta_pers)"
"1",3.1,889.8527567079,0.0204208563138184,924.310040522652,1.91124104183929,0.683705095178158
"2",4.2,610.209397634863,0.0426777657206522,645.661926310755,4.04099496959266,0.708331092068291
"3",5.1,640.630034676047,0.0274096544292249,676.082563351939,2.7307514905102,1.26292541300263
"4",5.2,685.479277279198,0.0251530736390118,720.877615922907,2.57774937197792,1.35781790084807
"5",7.1,453.425576064194,0.0194088300325926,488.878104740085,2.81511426102112,2.03291564994937
"6",9.1,608.722048948988,0.0317108416417855,644.180568638857,2.90290616033537,1.26770152261428
"7",9.2,725.993516206508,0.0389498629821122,761.45802093428,1.6191712040168,1.63946721327226
"8",10.3,656.866450850128,0.0776255187213644,692.336934651638,2.88697708448631,1.21472253506881
"9",10.4,651.656347918825,0.0223637973903863,687.126831720335,2.37307054706745,1.39379751251935
"10",14.4,656.453080161718,0.0430874484168885,691.91758488949,2.52547695038706,1.41877897721141
"11",15.1,556.554961844755,0.16334222806989,592.013481534624,1.65065688721198,1.93507231769497
"12",15.4,379.510317607124,0.0181605980886522,414.968837296992,4.63154922432243,2.00326281983507
"13",16.2,710.498637226328,0.0415491378020121,745.768596036076,3.07799078023212,1.07772931550402
"14",16.3,756.690293106577,0.0780702852928415,792.142821782468,2.2944293367736,1.08833020473232
"15",17.1,652.606695308637,0.0480124440308261,688.065214998506,2.20540885020452,1.62258727536555
"16",17.2,630.138610473138,0.112959039515117,665.597130163007,2.15092198927527,1.53343671918146
"17",20.4,663.475143725073,0.0454917790399371,698.921675398965,2.67847356191099,1.11492829352612
"18",21.2,756.724387687561,0.026939496741403,792.18290737743,2.77262864900663,0.790883668098012
"19",21.4,493.125312495351,0.044356072240461,528.571844169244,3.55490991245843,0.955544871903622
