"","L","as.numeric(AIC_d)","as.numeric(alphaneg_dual)","as.numeric(BIC_d)","as.numeric(alphapos_dual)","as.numeric(delta_dual)","as.numeric(beta_dual)"
"1",1.1,474.320096671492,0.0690967711331977,521.582138903349,0.037855830021186,1.53158899909722,3.2619816940811
"2",1.2,571.85833001331,0.0177484597778337,618.539806702488,0.478099725343207,1.69434357974829,5.25718651007147
"3",2.3,742.614892430787,0.024648178864199,789.876934662644,0.0141012254903473,0.996905225195061,3.7112545122288
"4",2.4,839.918726428165,0.0518999534840597,887.188764662687,0.00989030856834031,1.15457573882214,2.77243053851005
"5",6.3,618.555721319934,0.0473059926473976,665.825759554456,0.0200972111748544,1.11522203544206,3.80790819588483
"6",6.4,403.416446951479,0.994206723458886,450.702453255174,0.955630648594602,1.82235065237809,2.14360173497801
"7",8.2,655.306831292818,0.100492069717801,702.584857545977,0.0155002413231766,1.80096336602609,2.73327557043013
"8",8.3,586.307655292569,0.0628191726026909,633.569697524426,0.0185962441293568,1.05097923469908,4.10225552043428
"9",11.1,681.958697961876,0.0914329260563904,729.228736196398,0.0197377500747239,1.05368590239412,3.96841100641415
"10",11.3,789.022666633741,0.0619906625612123,836.324609197686,0.0159133841062271,1.36861715078131,2.77500699489239
"11",12.2,637.468168186298,0.087761344290818,684.762146588311,0.0230886323708973,1.25259090775804,3.75522241733031
"12",12.4,766.341748782484,0.0711913738224693,813.611787017006,0.0211716726528592,1.25710133751119,3.13678058990554
"13",13.1,650.563978934904,0.85460628555807,697.826021166761,0.885007724817699,1.15346735086143,1.93765745555842
"14",13.2,862.917806253809,0.0348779275788732,910.211784655822,0.0124809228458586,1.14420281752804,2.58223740355169
"15",14.3,475.185888977358,0.018494572631506,522.455927211879,0.0305147300172681,1.1057415524495,5.53977911021453
"16",18.3,717.352192964227,0.0194984263170571,764.622231198748,0.0185921356574582,1.04576899397989,2.99783724609983
"17",18.4,861.921572876433,0.339920246538982,909.199599129591,0.13761013750911,1.1165994478317,1.70484934098195
"18",19.1,640.176243454247,0.0235966405844801,687.454269707406,0.0283916978581486,0.778262256434177,4.58663876969936
"19",19.3,736.430422362313,0.0194511946228764,783.740321167591,0.0213045259780761,1.0980378319312,2.80762124409423
"20",22.1,734.32301185827,0.15798258173598,781.585054090127,0.0747987845755851,1.36834292428212,2.33234595728529
"21",22.3,676.804664789785,0.0246933085496667,724.074703024307,0.0202734232924504,1.0195080434653,3.35090890230744
