"","L","as.numeric(AIC_q)","as.numeric(alpha_qlearn)","as.numeric(BIC_q)","as.numeric(beta_qlearn)"
"1",3.1,949.378694675393,0.0227428944554144,972.350217218561,2.24935813178431
"2",4.2,637.708359417374,0.0415034639338555,661.343378534635,5.16588594192287
"3",5.1,779.088592654237,0.0280122056220048,802.723611771497,3.92263211746929
"4",5.2,880.942087505975,0.0281405053354659,904.540979935115,3.38270529929616
"5",7.1,782.038151592592,0.0208289623401702,805.673170709852,4.33233270332691
"6",9.1,740.018670887677,0.0357718911802824,763.657684014257,3.83368038664838
"7",9.2,1077.36514035544,0.0385054734413445,1101.00814350729,2.58980766740444
"8",10.3,784.56397609964,0.079265181164971,808.210965300647,4.23540888075724
"9",10.4,812.181620741094,0.0178060381062364,835.8286099421,4.39442116322539
"10",14.4,849.101968493648,0.0443667429520786,872.744971645496,3.83641244986965
"11",15.1,929.176151609548,0.161416539863535,952.815164736127,2.77392151372712
"12",15.4,623.89938312853,0.0387074589029729,647.53839625511,4.52435750577152
"13",16.2,822.9632044269,0.0436256466561929,846.476510300066,4.14313416609558
"14",16.3,884.046845824382,0.0773489457144719,907.681864941642,3.2174092236225
"15",17.1,943.807283749237,0.0491854467390949,967.446296875816,3.33073616338105
"16",17.2,869.893703071717,0.11087485019332,893.532716198296,3.20896544626308
"17",20.4,769.150874551119,0.0456232257338094,792.781895667048,3.8010903874769
"18",21.2,799.125958736847,0.0263587427234329,822.764971863426,3.68100143814022
"19",21.4,534.510856818817,0.0489245123311209,558.141877934745,4.50667466177284
