"","L","as.numeric(AIC_p)","as.numeric(alpha_pers)","as.numeric(BIC_p)","as.numeric(beta_pers)","as.numeric(delta_pers)"
"1",1.1,472.838016383637,0.056592402905976,508.28454805753,3.13311350144505,1.52765412022783
"2",1.2,578.387078461367,0.024596823981212,613.39818597825,1.86818970227559,1.75610838429578
"3",2.3,745.579673978231,0.0213189634938172,781.026205652124,3.08493793000205,1.04745812229856
"4",2.4,863.215236697016,0.0242175134391074,898.667765372908,1.90905070215067,1.23476733890871
"5",6.3,619.567234271822,0.0328387951209843,655.019762947713,3.66436124026783,1.12362115089583
"6",6.4,401.458622850068,0.988949484535085,436.923127577839,2.12931662262306,1.82205636682422
"7",8.2,659.507021683247,0.0529755587468069,694.965541373115,1.49235094805789,1.81939320088915
"8",8.3,590.592403241516,0.0315176858679413,626.038934915408,3.8683680802988,1.0580453888189
"9",11.1,694.86545836559,0.0462183413299096,730.317987041481,2.71227141540649,1.09264790960248
"10",11.3,798.555572749541,0.0320860499194438,834.0320296725,2.00188723927267,1.4005389173903
"11",12.2,641.764654075001,0.0522029744336264,677.235137876511,2.72165532532964,1.25927781086566
"12",12.4,777.115024623567,0.0406294810511967,812.567553299458,2.31433450583019,1.29627101356165
"13",13.1,648.59901512972,0.862087121016808,684.045546803613,1.94469382742834,1.15332001085704
"14",13.2,866.515415580606,0.0192630950238309,901.985899382116,2.41849643616504,1.15270995724828
"15",14.3,479.397991163853,0.0314414964328599,514.850519839744,3.98130673635511,1.19638621424392
"16",18.3,717.883486050545,0.0213089607914544,753.336014726437,2.74175059096583,1.06723390250069
"17",18.4,840.281307383567,0.0193926282591082,875.739827073435,2.25122609019951,1.041696960609
"18",19.1,641.872415078386,0.0324392152433392,677.330934768255,3.71146812354684,0.836139070930716
"19",19.3,730.375259811151,0.016464055631253,765.857683915109,3.33763951058471,1.06208857889772
"20",22.1,735.273321505542,0.114540913870677,770.719853179435,2.01230626048647,1.37903119996079
"21",22.3,680.054939338879,0.0278239024285598,715.50746801477,2.76592953382085,1.07588758423363
